0 0.020686 -0.001389 0.000000 -0.000668 -0.000710 -0.000400 0.999999
1 -0.001267 -0.015838 0.000000 -0.000298 -0.000591 -0.000631 1.000000
2 -0.000050 -0.022453 0.000000 0.000164 -0.000668 -0.000806 0.999999
3 -0.003205 -0.025398 0.000000 0.000046 -0.000742 -0.001492 0.999999
4 -0.004920 -0.027345 0.000000 0.000537 -0.000736 -0.000909 0.999999
5 -0.000196 -0.029805 0.000000 0.000341 -0.000784 -0.001276 0.999999
6 0.002120 -0.030262 0.000000 0.000670 -0.000994 -0.001440 0.999998
7 0.003585 -0.032148 0.000000 0.000796 -0.001045 -0.001793 0.999998
8 0.004209 -0.033375 0.000000 0.000265 -0.000789 -0.001746 0.999998
9 0.002134 -0.033835 0.000000 0.000927 -0.000947 -0.001609 0.999998
10 0.000603 -0.034811 0.000000 0.000789 -0.001034 -0.001944 0.999997
11 -0.002811 -0.036025 0.000000 -0.000623 0.001478 -0.001314 0.999998
12 0.066224 -0.015850 -0.000000 -0.008264 -0.000775 -0.002496 0.999962
13 0.841398 -0.059234 0.000000 0.002146 0.004597 -0.005752 0.999971
14 2.192669 -0.069800 0.000000 -0.005048 0.003600 -0.003618 0.999974
15 3.450742 -0.097339 0.000000 0.000333 0.005020 -0.001938 0.999985
16 4.458609 -0.121914 0.000000 0.002380 0.004496 0.000732 0.999987
17 5.694931 -0.106624 0.000000 -0.011714 0.007635 -0.006921 0.999878
18 6.684835 -0.166327 0.000000 0.008482 0.001816 -0.009218 0.999920
19 7.261941 -0.164882 0.000000 -0.000770 0.000622 -0.006453 0.999979
20 7.165076 -0.140037 0.000000 -0.009330 -0.001652 0.211405 0.977353
21 7.132914 -0.134104 0.000000 -0.014914 -0.002324 0.342415 0.939428
22 7.110749 -0.142024 0.000000 -0.020725 -0.002937 0.448311 0.893633
23 7.109702 -0.145369 0.000000 -0.014613 -0.004805 0.549077 0.835630
24 7.124906 -0.169679 0.000000 -0.001620 -0.006462 0.639976 0.768366
25 7.122571 -0.162047 0.000000 -0.000418 -0.011754 0.738529 0.674119
26 7.230910 -0.580085 0.000000 0.004099 -0.013689 0.787214 0.616515
27 7.378013 -1.069854 0.000000 0.012214 -0.008866 0.799439 0.600558
28 7.552754 -1.572509 0.000000 0.015530 -0.013224 0.814230 0.580184
29 7.701725 -2.012974 0.000000 0.020558 -0.014179 0.821223 0.570060
30 7.878698 -2.431202 0.000000 0.023465 -0.007912 0.825393 0.564015
31 7.984682 -2.680408 0.000000 0.016214 -0.013846 0.750838 0.660142
32 7.925246 -2.628711 0.000000 0.013276 -0.009578 0.702852 0.711148
